101101111010000010000001011110000011001010101111101000001000000100011000111011111000101101110110010
00001100110000000010111101001100010011110011100111010000110101101111000110011100011000110100001110
0101111001100111001111101100111001110111010001001000111010111011110000100001011001000111001011000
110100001001110000000010111001100110001110100101010100010100001011100011010010110000000101100101
10011001000010000110100001100011100001101111011000110001100010110100101010011100110100110000000
0111010110111010100011111001000101010001011010011000111010111100101111000110011111101110010011
111001101111110011011000100001110010011111011100111000011001000011001101011101100010001111010
01110000100111001001011100001000010101010110101011010101000001001110100100011011011110111100
1011000010011101100010101000001010010001111010000110000000110000000000010010110101100001001
110001001010101011110011011010010111110100101110011011111000001100011000010101110010110001
11101001100011101101011011011101011111101100101001010000011000111110011101011010010110100
1001001111110010100010001100100000100010110111110101100100101011111000111101001001011111
100000011100001100100110110111100110000001111111100001110011011100110010110100000000111
00111011110010101110001110001111010101001100100011001011110101010101001011101001111111
0101110101000010101101001110011010001101011111010000011011001001110001010010111010010
101110101101000100011101010110001011100001010010010101011001101011010000010010011111
11001110000001001100000001010111011100111011000000110010001100101110110100011001111
0001111011000001101000000100110001011000101011110111010111110011001100010111111000
111101111110010111010101001100000010011001010100000001001100000100001010101000010
00111111010111110011101000000011001011010011001000100000101100111110110101001010
0110100011101110111001110000110000100011111011000001110010000010011100101100100
110110001100000010010110100100100110101101101011001001100100111000110111110001
11011000010001010101001000011111100011110101000110101101110000101101101110000
1111110011001011010111101000111011000011001001111111010011010000011010001101
000100011111110111110011111010100111001110010111001001101010010110001011000
01110110111111110010001101111101001011010001011101001001001110010101010110
1111001111010001010100101111100111111110100101011110100011010001010110011
001000110101001101101101101110001100001010011010000010001101011000100000
11010001111100011000010001010111100001010000010100000010001001110001001
1000011010011100000100000010011010001010101011110001001000010111011001
100110100000000000010110000111100101100010010100110011100101000111000
01110100010110110101011001011100101100011110101100101000100100001010
1111110100111011001000101001010100100100001100100010001010100011110
000001101011111010110111001000101110100111010001000001001100011110
11010110001101011101110001010111111011111000011101011010111010101
1000101011101101010111010011010000001000011001100000011011101000
111001111000111010101010010111001011110011101110100110110000011
01000111010100111110110000011110111111000100010111010001101110
0010011010000011011101010101000011001100010100100010000001000
010101101101010001000110001101010011111010100000110100111000
10110011101001110100110111010110110110001100111010000001010
1110001000010110101011000111101110001000101111011101000100
011110011000001101100100010011100000110111111111010111000
01010111100101000101111001111101011011111011111101011001
0111001101001111001010010111100000111010011100100100101
111001010010100101000100010100101010000000001000100001
11100000101100100110000110100110100111100001110100010
0001010101110011000111110011100111010001010101111100
100011111001010001000111001011101111111001011000100
01101111111100100000101000100100011010101100010011
0001000101001010011110010000100101010011101110010
011101001110001111001100011110101010000111100110
00110101100101000010100010111111101111010111000
1111110110000000110001110111101010100110100000
001100101011010010000010001110111001000111010
11001000001011101011001101001101101100010101
1011101001001100100101011001000011001001010
010011011110001101101110011010000010110011
00010001101000011011100001010101101111011
0111110101100111010100000100011100110010
111111110010011101100001100000001101010
10000110001000010100001011001100100011
1001011000110110000111111001100110100
001010011001100100111110001011001000
11000111100111100100100000101001111
1101111100101010111111111111000111
111101000001010011101111101011001
01010010110001000010000101000111
0010000001101110110000001111110
110011011001001001000000010111
01101001011101000011111101011
1101110010111011100011111010
010111111000001001111110000
00011000110111100111010001
1001001111110100101101000
111011100010100111110100
11110011101010000000100
1101011101001001001100
111010010010011101011
00110100001110010001
1011110111000010001
010101001011100101
10100101101010110
1001010110010000
110101100010101
10111111101110
1010000010001
011001001001
01110000010
1011000001
001111100
01111000
1110001
011000
00010
1011
010
10
1
