000000000000000000000000000000000000000000001
000000000000100000000000000000000100001000000
000100000000000000000000001000010000000000000
001000000000001000000000000000100001010000000
000000000000001000000000000000000000000000000
000000000000000000000000000000000010000000000
000000000001000000000000000000010000000000000
000000000000000000000000000000000000000000001
000000000000000000000000000000000000000001000
000000000000000000100000000100000000000000000
000000000000010000010000000000000000011000000
000000100000001000000000000000000000000000000
010000000000001000000000001110100000010000000
000000000010000000000000000000000000000001000
000110000001100000000000000000000000000000001
000000000000000000000000000000000000010000000
000000000000000000100000000000000000000000000
000000000000000000010000000000000001000000000
000000000100000010000000000000000000000000001
000000000010000001000000000000000000000000001
000000000000000000000000000000000000000000001
000000000000000000000000000000001000000000010
000000000000000000000001000100000001000000000
000000000000000000000010100000000100000000000
000000000000000000000001000000000000000000001
000000000000000000000000000000000000000000001
001000000000100000000000000000000000000000001
000000000100100000000010000000000000000000001
000000000000100000000000000000001000000010000
000000000000000000000000000000000000000000001
000100000000100000000000000000000000000000001
001000100000000000000000000000000100000000000
000000000000000000000100000010000000000000001
010000000000000000000001000000010000100000000
000001000000000000000000000000000001001000010
000100000000000001000010000000000010001010000
000000000000000000000000000000000100010000000
000100000010100100000000000000000000100000001
010000000010000000000000000000000011000000001
000000000000000000000000000000000000000000001
000000000000000000000000000010000001000000001
000000001000010000000000000000000000000000001
000000000000000000000000000000000000000000001
000000000000000000000100000000000010000000001
100000010000001000111000111101101000011111110
