0000000010000000000000000001000010010000000000000000000000000000
0000000000000000000000000100000000000110000000000000000000000000
0000000000000000000001000000010000000000000000000100000000000000
0000000000000000000000000000010000000000000000000010000000000000
0000000000000000000000000000100000000000000000000000000011000000
0000000010000000000100000000000100000000010000000000001000000000
0000000000000000000000000000000000000000000000000000000000000001
0000000000000000011000100000000001000000000000000000000000000000
1000010000000100000000000000100000000000000000100000000000000000
0000000000000000000001000001000000000000000000000000001000010000
0000000000000000000000100000100000000000100000000000000000000000
0000000000000001000000000000000100000000100000001000000000000000
0000000000000000000000000000000000000000000000100000000000000000
0000000010000000000000010000010000000000000000000000000000000000
0000000000000000000000000000000000000000000000000000000000100000
0000000000010000000000000000000000000000000000010000000000000000
0000000000000000000000000010010000000000000000000000000010000100
0000000100000000000000000001000000000000001000000000000000000000
0000000100000000000000000000000001000000000000000000000000000000
0000010000000000000000000000000000000000000010000000000000000000
0000000000000000000000010000001000000000000000000001000000000001
0010000001000000000000000000000000000000000000000010000000010000
0000000100100000000000000000000000000000000000000000000000000100
0000000000000100000010000000000100000000000000001000000001000000
0000000000000000000000000010010000000000000101000000000000000000
0100000000000000000000000000001000000000000000000000000000000000
0000000000000000100000001000000001000000000000000000000000000000
1000000001000000010000000000000100000010000000001000001110000001
0000100010100000000000000000010000000000000000000000000000000000
0011000000000100100000001000100000000000000000000000000000000001
0000000000000000000010000100000000000000010000000000000000000000
0000010000010000000000010001000000000000000000000000000000000001
1000000000000000000000000000000000100001000010000000000000001000
0000000100000000001000000010000000000000000000000000000000000001
0000000000000000000000000000000010000001000000000000000100000000
1000000000000000000000000000000000000000000000000000000000000001
0000000000000000000000000000000000000000000000000000000000000001
0100000000000000000000000000000000000010000000000000000000000000
0100000000000000000000000001000000000100000000000000100000100000
0000000000000000000000000000000010100000000000000000000000000001
0000000000110000000000000000000000000000000000000000000000110000
0000010000000000000000000000001000000000000000000000000000000001
0000000000000000010000000000000000000000000100000001000000000000
0000000000000000000000001000000000000000001000000000010000000010
0000000000000000000100000000000010000000000000000000000100000000
0000000000000000000000001000000000000000000000000000000000000001
0000000010001000000000000000000000000000000000000001100000000000
0000000000000001000000000000000000000000000000000000000000000001
0000000000010000000000010001000000000000000000000000100000000000
0010000000000000000000000000000000000000000000000001000010000000
0001000000000000000001000000000000000000000000000000000000001000
0000000000000000000010000000000000000000001000100100000000100000
0000000000000000000000000000000000000010000000101000010000000000
0000000000000000000000000000000000000000000100000000100000000001
0000010001000000000000000001000000000000000000000000000000100000
0000000000000000000000000001000000100000000010000000000000000001
0000100000000000100000000001000000000000000000000100000000000001
0000100000000000000000010000000000000000000000000000000000000100
0000000000000010000000000000000000000010100000000001001000000001
0000000001000000000001000000000000000000100000000000000000000001
0000000000000000000000000000000010000000000000000010000000000001
0000000000000000100000100000000000000000000000000000000001000001
0000000000000000000000000000000000000000000100000000000000000001
0000001000000000000010000001010101011001010001010000010110111110
