0011110101001001001111110111110101010010101101011
010111110001110010010010110001100001110110011100
01110101110001001010110000110101010101001001010
0010001100100010010100111001101110000010101011
010101000101110011100011011011101111101000010
01111100111100111110000100111010011001100001
1100011101001101011011110101010101110110010
010011000111111000001100001110011111000111
10111110111010100000101011010100011101110
1110010111101111010100101101100001110101
011000111000000101100110100000001001000
11101100111101000111001111111010111000
1100011000000110101000000001011110010
001100100110010111000101110111110111
00111100100000000111010110110011000
0111001101010110110001001110011110
111010110111001111010111011000110
11000111010101101110000000000001
1110100011111000011000010100100
111111010000011011011001101001
10011001101101001100011101011
1111010100011000100111001100
001011001110111101001110000
11011000001000010010101011
1101010000000100100110101
001001011101101001010000
10100010110011010011001
1001010100110100100011
100111000001000101000
01101001001101000001
0110010001001000010
110000110101011100
00001000110101011
1010011010110111
010000010001010
00100000110010
1110010110100
011110001110
01000110110
1010110111
110100011
10110110
0000101
111011
10010
1000
110
11
1
